   1.0020040e-04             NaN             NaN
   1.0020040e-04   1.7118485e+01   4.9726568e-07
   2.0040080e-04   1.4320368e+01   7.1057645e-07
   2.0040080e-04   1.3881985e+01   7.5616407e-07
   3.0060120e-04   1.4604061e+01   6.8323776e-07
   3.0060120e-04   1.0647508e+01   1.2853554e-06
   4.0080160e-04   1.5066186e+01   6.4196670e-07
   4.0080160e-04   7.2416207e+00   2.7787381e-06
   5.0100200e-04   1.5541763e+01   6.0327951e-07
   5.0100200e-04   3.8446678e+00   9.8582886e-06
   6.0120240e-04             NaN             NaN
   6.0120240e-04   4.0724987e+00   8.7861224e-06
   7.0140281e-04             NaN             NaN
   7.0140281e-04   4.4133545e+00   7.4813769e-06
   2.0040080e-04   5.5678262e+00   4.7005408e-06
   2.0040080e-04   5.9042739e+00   4.1800952e-06
   3.0060120e-04   5.5728106e+00   4.6921360e-06
   3.0060120e-04   6.1788797e+00   3.8168024e-06
   4.0080160e-04   5.4940237e+00   4.8276759e-06
   4.0080160e-04   6.5796671e+00   3.3659784e-06
   5.0100200e-04   5.4171909e+00   4.9655903e-06
   5.0100200e-04   6.9972476e+00   2.9762176e-06
   6.0120240e-04   5.2849615e+00   5.2171763e-06
   6.0120240e-04   7.1741414e+00   2.8312570e-06
   7.0140281e-04   5.1634765e+00   5.4655611e-06
   7.0140281e-04   7.3828186e+00   2.6734666e-06
   8.0160321e-04   5.1169977e+00   5.5653018e-06
   8.0160321e-04   7.6361956e+00   2.4989932e-06
   9.0180361e-04   5.0774640e+00   5.6523033e-06
   9.0180361e-04             NaN             NaN
   1.0020040e-03   5.2300129e+00   5.3273796e-06
   1.0020040e-03             NaN             NaN
   1.1022044e-03   5.3841287e+00   5.0267617e-06
   1.1022044e-03             NaN             NaN
   1.2024048e-03   5.4973397e+00   4.8218535e-06
   1.2024048e-03             NaN             NaN
   1.3026052e-03   5.6105526e+00   4.6292207e-06
   1.3026052e-03             NaN             NaN
   1.4028056e-03   5.5114930e+00   4.7971206e-06
   1.4028056e-03             NaN             NaN
   1.5030060e-03   5.4239603e+00   4.9532034e-06
   1.5030060e-03             NaN             NaN
   1.6032064e-03             NaN             NaN
   1.6032064e-03             NaN             NaN
   1.7034068e-03             NaN             NaN
   1.7034068e-03             NaN             NaN
   2.0040080e-04   9.2048846e+00   1.7198179e-06
   2.0040080e-04   1.1881224e+01   1.0322784e-06
   3.0060120e-04   9.2823445e+00   1.6912344e-06
   3.0060120e-04   1.1376263e+01   1.1259522e-06
   4.0080160e-04   9.3995348e+00   1.6493258e-06
   4.0080160e-04   1.1120814e+01   1.1782733e-06
   5.0100200e-04   9.5172626e+00   1.6087741e-06
   5.0100200e-04             NaN             NaN
   6.0120240e-04   9.4909397e+00   1.6177103e-06
   6.0120240e-04             NaN             NaN
   7.0140281e-04   9.5035886e+00   1.6134069e-06
   7.0140281e-04             NaN             NaN
   8.0160321e-04             NaN             NaN
   8.0160321e-04             NaN             NaN
   2.0040080e-04   8.3570637e+00   2.0864680e-06
   3.0060120e-04   7.8789372e+00   2.3473826e-06
   4.0080160e-04   7.3378300e+00   2.7063495e-06
   2.0040080e-04   5.1256591e+00   5.5465090e-06
   2.0040080e-04   6.8595896e+00   3.0968694e-06
   3.0060120e-04   4.9579689e+00   5.9280460e-06
   3.0060120e-04   6.2552933e+00   3.7241213e-06
   4.0080160e-04   4.8062247e+00   6.3082807e-06
   4.0080160e-04   5.7031008e+00   4.4801966e-06
   5.0100200e-04   4.6608754e+00   6.7078628e-06
   5.0100200e-04   5.1847552e+00   5.4207908e-06
   6.0120240e-04   4.2285465e+00   8.1496122e-06
   6.0120240e-04   5.6111492e+00   4.6282363e-06
   7.0140281e-04   3.8238486e+00   9.9659288e-06
   7.0140281e-04   6.1199717e+00   3.8906336e-06
   8.0160321e-04   3.4190446e+00   1.2465498e-05
   8.0160321e-04   6.7056481e+00   3.2406912e-06
   9.0180361e-04   3.0798371e+00   1.5362563e-05
   9.0180361e-04             NaN             NaN
   1.0020040e-03   3.1431761e+00   1.4749651e-05
   1.0020040e-03             NaN             NaN
   1.1022044e-03   3.2287624e+00   1.3978062e-05
   1.1022044e-03             NaN             NaN
   1.2024048e-03   3.3327996e+00   1.3119001e-05
   1.2024048e-03             NaN             NaN
   1.3026052e-03   3.4595511e+00   1.2175300e-05
   1.3026052e-03             NaN             NaN
   2.0040080e-04   4.4720331e+00   7.2863350e-06
   2.0040080e-04   4.6932958e+00   6.6155097e-06
   3.0060120e-04   4.3036539e+00   7.8676401e-06
   3.0060120e-04   4.6220111e+00   6.8211437e-06
   4.0080160e-04   4.3913373e+00   7.5565851e-06
   4.0080160e-04   4.5981536e+00   6.8921103e-06
   5.0100200e-04   4.6570317e+00   6.7189402e-06
   5.0100200e-04   4.5887424e+00   6.9204098e-06
   6.0120240e-04   4.8024333e+00   6.3182451e-06
   6.0120240e-04   4.7061361e+00   6.5794592e-06
   7.0140281e-04   4.9478389e+00   5.9523446e-06
   7.0140281e-04   4.8243818e+00   6.2608865e-06
   8.0160321e-04   4.6710697e+00   6.6786158e-06
   8.0160321e-04   5.0062109e+00   5.8143461e-06
   9.0180361e-04   4.4039192e+00   7.5134687e-06
   9.0180361e-04   5.1884297e+00   5.4131155e-06
   1.0020040e-03   4.0805966e+00   8.7512852e-06
   1.0020040e-03             NaN             NaN
   1.1022044e-03   3.7617047e+00   1.0297926e-05
   1.1022044e-03             NaN             NaN
   1.2024048e-03   3.6680159e+00   1.0830705e-05
   1.2024048e-03             NaN             NaN
   1.3026052e-03   4.0167736e+00   9.0315951e-06
   1.3026052e-03             NaN             NaN
   1.4028056e-03   4.6757098e+00   6.6653671e-06
   1.4028056e-03             NaN             NaN
   1.5030060e-03   5.4555072e+00   4.8960845e-06
   1.5030060e-03             NaN             NaN
   2.0040080e-04             NaN             NaN
   2.0040080e-04             NaN             NaN
   3.0060120e-04             NaN             NaN
   3.0060120e-04             NaN             NaN
   4.0080160e-04   1.3517647e+01   7.9747483e-07
   4.0080160e-04   9.3601757e+00   1.6632256e-06
   5.0100200e-04   1.2284777e+01   9.6557184e-07
   5.0100200e-04   8.7056211e+00   1.9227359e-06
   6.0120240e-04             NaN             NaN
   6.0120240e-04   8.2010965e+00   2.1665829e-06
   7.0140281e-04             NaN             NaN
   7.0140281e-04   7.7109731e+00   2.4507600e-06
   8.0160321e-04             NaN             NaN
   8.0160321e-04   7.2349160e+00   2.7838906e-06
   9.0180361e-04             NaN             NaN
   9.0180361e-04   6.7800373e+00   3.1699689e-06
   2.0040080e-04   6.9725628e+00   2.9973282e-06
   2.0040080e-04   1.2827692e+01   8.8556836e-07
   3.0060120e-04   6.9408135e+00   3.0248122e-06
   3.0060120e-04   1.2211142e+01   9.7725209e-07
   4.0080160e-04   6.9107836e+00   3.0511571e-06
   4.0080160e-04   1.1608708e+01   1.0813129e-06
   5.0100200e-04   6.8824957e+00   3.0762899e-06
   5.0100200e-04   1.1022706e+01   1.1993412e-06
   6.0120240e-04   6.5810026e+00   3.3646124e-06
   6.0120240e-04             NaN             NaN
   7.0140281e-04   6.2795397e+00   3.6954178e-06
   7.0140281e-04             NaN             NaN
   8.0160321e-04   5.9781115e+00   4.0774734e-06
   8.0160321e-04             NaN             NaN
   9.0180361e-04   5.6767236e+00   4.5219282e-06
   9.0180361e-04             NaN             NaN
   1.0020040e-03   5.4921228e+00   4.8310182e-06
   1.0020040e-03             NaN             NaN
   1.1022044e-03   5.9297233e+00   4.1442916e-06
   1.1022044e-03             NaN             NaN
   1.2024048e-03   6.3676719e+00   3.5938323e-06
   1.2024048e-03             NaN             NaN
   1.3026052e-03   6.8059014e+00   3.1459213e-06
   1.3026052e-03             NaN             NaN
   1.4028056e-03   7.2305326e+00   2.7872670e-06
   1.4028056e-03             NaN             NaN
   1.5030060e-03   7.6551995e+00   2.4866012e-06
   1.5030060e-03             NaN             NaN
   1.6032064e-03   8.0798963e+00   2.2320688e-06
   1.6032064e-03             NaN             NaN
   2.0040080e-04   1.1507254e+01   1.1004639e-06
   2.0040080e-04   1.0101839e+01   1.4279674e-06
   3.0060120e-04   1.0075690e+01   1.4353888e-06
   3.0060120e-04   9.6656720e+00   1.5597502e-06
   4.0080160e-04   8.6444328e+00   1.9500519e-06
   4.0080160e-04   9.2295555e+00   1.7106359e-06
   5.0100200e-04   7.2308838e+00   2.7869963e-06
   5.0100200e-04   8.7566485e+00   1.9003926e-06
   6.0120240e-04   6.8023047e+00   3.1492490e-06
   6.0120240e-04   8.3401563e+00   2.0949361e-06
   7.0140281e-04   6.3748472e+00   3.5857467e-06
   7.0140281e-04   7.9281700e+00   2.3183193e-06
   8.0160321e-04   5.9487532e+00   4.1178191e-06
   8.0160321e-04   7.5214300e+00   2.5758367e-06
   9.0180361e-04   5.5243382e+00   4.7748381e-06
   9.0180361e-04   7.6653553e+00   2.4800166e-06
   1.0020040e-03             NaN             NaN
   1.0020040e-03   7.7403459e+00   2.4321952e-06
   1.1022044e-03             NaN             NaN
   1.1022044e-03   7.8183978e+00   2.3838759e-06
   1.2024048e-03             NaN             NaN
   1.2024048e-03   7.8994201e+00   2.3352250e-06
   2.0040080e-04   2.9356397e+00   1.6908834e-05
   2.0040080e-04   7.5155313e+00   2.5798817e-06
   3.0060120e-04   2.9188168e+00   1.7104307e-05
   3.0060120e-04   8.0504466e+00   2.2484292e-06
   4.0080160e-04   2.8525246e+00   1.7908548e-05
   4.0080160e-04   8.6361946e+00   1.9537740e-06
   5.0100200e-04   2.7863934e+00   1.8768704e-05
   5.0100200e-04   9.2238813e+00   1.7127412e-06
   6.0120240e-04   2.7783450e+00   1.8877601e-05
   6.0120240e-04   1.0094538e+01   1.4300338e-06
   7.0140281e-04   2.7704403e+00   1.8985479e-05
   7.0140281e-04   1.0979193e+01   1.2088664e-06
   8.0160321e-04   2.7987424e+00   1.8603442e-05
   8.0160321e-04   1.1841951e+01   1.0391367e-06
   9.0180361e-04   2.8272768e+00   1.8229826e-05
   9.0180361e-04             NaN             NaN
   1.0020040e-03   2.7614841e+00   1.9108829e-05
   1.0020040e-03             NaN             NaN
   1.1022044e-03   2.6968158e+00   2.0036257e-05
   1.1022044e-03             NaN             NaN
   1.2024048e-03   2.6586524e+00   2.0615604e-05
   1.2024048e-03             NaN             NaN
   1.3026052e-03   2.6218258e+00   2.1198811e-05
   1.3026052e-03             NaN             NaN
   1.4028056e-03   2.6455669e+00   2.0820045e-05
   1.4028056e-03             NaN             NaN
   1.5030060e-03   2.6705884e+00   2.0431735e-05
   1.5030060e-03             NaN             NaN
   1.6032064e-03   2.6740560e+00   2.0378780e-05
   1.6032064e-03             NaN             NaN
   1.7034068e-03   2.6776834e+00   2.0323604e-05
   1.7034068e-03             NaN             NaN
   2.0040080e-04   7.5863081e+00   2.5319680e-06
   2.0040080e-04   9.4111656e+00   1.6452516e-06
   3.0060120e-04   7.9566965e+00   2.3017257e-06
   3.0060120e-04   9.6328162e+00   1.5704084e-06
   4.0080160e-04   8.2868811e+00   2.1219588e-06
   4.0080160e-04   9.9593287e+00   1.4691259e-06
   5.0100200e-04   8.6184062e+00   1.9618475e-06
   5.0100200e-04             NaN             NaN
   6.0120240e-04   8.1816984e+00   2.1768687e-06
   6.0120240e-04             NaN             NaN
   7.0140281e-04   7.7613509e+00   2.4190482e-06
   7.0140281e-04             NaN             NaN
   8.0160321e-04   7.6054149e+00   2.5192620e-06
   8.0160321e-04             NaN             NaN
   2.0040080e-04   7.7340206e+00   2.4361752e-06
   2.0040080e-04   6.9526937e+00   3.0144839e-06
   3.0060120e-04   7.2939970e+00   2.7389746e-06
   3.0060120e-04   6.7973446e+00   3.1538467e-06
   4.0080160e-04   6.8596698e+00   3.0967970e-06
   4.0080160e-04   6.6796276e+00   3.2659886e-06
   5.0100200e-04   6.4321930e+00   3.5220947e-06
   5.0100200e-04   6.6015561e+00   3.3436940e-06
   2.0040080e-04   1.1266817e+01   1.1479335e-06
   2.0040080e-04   9.4621901e+00   1.6275556e-06
   3.0060120e-04   1.0704894e+01   1.2716114e-06
   3.0060120e-04   9.5875700e+00   1.5852657e-06
   4.0080160e-04   1.0142169e+01   1.4166335e-06
   4.0080160e-04   9.7154189e+00   1.5438180e-06
   5.0100200e-04   9.5878710e+00   1.5851662e-06
   5.0100200e-04   9.8435531e+00   1.5038876e-06
   6.0120240e-04   9.2661949e+00   1.6971346e-06
   6.0120240e-04             NaN             NaN
   7.0140281e-04   8.9460077e+00   1.8207932e-06
   7.0140281e-04             NaN             NaN
   8.0160321e-04   8.6535641e+00   1.9459386e-06
   8.0160321e-04             NaN             NaN
   9.0180361e-04   8.3639277e+00   2.0830449e-06
   9.0180361e-04             NaN             NaN
   2.0040080e-04   7.7660970e+00   2.4160924e-06
   2.0040080e-04   4.1464877e+00   8.4753649e-06
   3.0060120e-04   8.1343115e+00   2.2023055e-06
   3.0060120e-04   5.4351602e+00   4.9328108e-06
   4.0080160e-04   8.4142881e+00   2.0581850e-06
   4.0080160e-04   7.1306391e+00   2.8659081e-06
   5.0100200e-04   8.6950180e+00   1.9274281e-06
   5.0100200e-04   7.3348013e+00   2.7085849e-06
   6.0120240e-04   8.8507196e+00   1.8602101e-06
   6.0120240e-04   7.5610426e+00   2.5489176e-06
   7.0140281e-04   9.0065552e+00   1.7963946e-06
   7.0140281e-04   7.8074436e+00   2.3905699e-06
   8.0160321e-04   9.1846767e+00   1.7273940e-06
   8.0160321e-04   8.0263760e+00   2.2619352e-06
   9.0180361e-04   9.3628014e+00   1.6622929e-06
   9.0180361e-04   8.2547609e+00   2.1385045e-06
   1.0020040e-03             NaN             NaN
   1.0020040e-03   8.4918357e+00   2.0207659e-06
   2.0040080e-04   7.2200795e+00   2.7953436e-06
   2.0040080e-04   6.7606270e+00   3.1881975e-06
   3.0060120e-04   6.2882842e+00   3.6851471e-06
   3.0060120e-04   6.0535720e+00   3.9764519e-06
   4.0080160e-04   5.5986720e+00   4.6488882e-06
   4.0080160e-04   5.3630111e+00   5.0664267e-06
   5.0100200e-04   5.2507650e+00   5.2853531e-06
   5.0100200e-04   4.6473066e+00   6.7470901e-06
   6.0120240e-04             NaN             NaN
   6.0120240e-04   4.0648048e+00   8.8194150e-06
   2.0040080e-04   9.7663227e+00   1.5277666e-06
   2.0040080e-04   1.1325832e+01   1.1360015e-06
   3.0060120e-04   1.0442887e+01   1.3362201e-06
   3.0060120e-04   1.0786403e+01   1.2524659e-06
   4.0080160e-04   1.1048364e+01   1.1937771e-06
   4.0080160e-04   1.0245873e+01   1.3881016e-06
   5.0100200e-04   1.1653842e+01   1.0729535e-06
   5.0100200e-04   9.7069036e+00   1.5465278e-06
   6.0120240e-04   1.1574255e+01   1.0877600e-06
   6.0120240e-04   9.0134619e+00   1.7936426e-06
   7.0140281e-04   1.1494675e+01   1.1028736e-06
   7.0140281e-04   8.3231555e+00   2.1035030e-06
   8.0160321e-04   1.1561357e+01   1.0901884e-06
   8.0160321e-04   7.7351525e+00   2.4354622e-06
   9.0180361e-04   1.1628060e+01   1.0777167e-06
   9.0180361e-04   7.1603082e+00   2.8422072e-06
   1.0020040e-03   1.2131744e+01   9.9008547e-07
   1.0020040e-03             NaN             NaN
   1.1022044e-03   1.2635509e+01   9.1271188e-07
   1.1022044e-03             NaN             NaN
   1.2024048e-03   1.3119704e+01   8.4658606e-07
   1.2024048e-03             NaN             NaN
   1.3026052e-03   1.3604267e+01   7.8735184e-07
   1.3026052e-03             NaN             NaN
   1.4028056e-03   1.4149881e+01   7.2780256e-07
   1.4028056e-03             NaN             NaN
   1.5030060e-03   1.4696422e+01   6.7467702e-07
   1.5030060e-03             NaN             NaN
   1.6032064e-03   1.5362348e+01   6.1745307e-07
   1.6032064e-03             NaN             NaN
   2.0040080e-04   8.0173185e+00   2.2670489e-06
   2.0040080e-04   1.2379835e+01   9.5080057e-07
   3.0060120e-04   7.6944794e+00   2.4612781e-06
   3.0060120e-04   1.2051095e+01   1.0033816e-06
   4.0080160e-04   7.4545423e+00   2.6222687e-06
   4.0080160e-04   1.1743009e+01   1.0567210e-06
   5.0100200e-04   7.2152381e+00   2.7990963e-06
   5.0100200e-04   1.1479242e+01   1.1058411e-06
   6.0120240e-04   7.2834603e+00   2.7469051e-06
   6.0120240e-04             NaN             NaN
   7.0140281e-04   7.3527081e+00   2.6954080e-06
   7.0140281e-04             NaN             NaN
   8.0160321e-04   7.2672370e+00   2.7591831e-06
   8.0160321e-04             NaN             NaN
   9.0180361e-04   7.1819336e+00   2.8251167e-06
   9.0180361e-04             NaN             NaN
   1.0020040e-03   7.0968041e+00   2.8933004e-06
   1.0020040e-03             NaN             NaN
   2.0040080e-04   9.6610665e+00   1.5612377e-06
   2.0040080e-04   1.5502567e+01   6.0633405e-07
   3.0060120e-04   9.6656059e+00   1.5597715e-06
   3.0060120e-04   1.4009837e+01   7.4242573e-07
   4.0080160e-04   9.7531845e+00   1.5318854e-06
   4.0080160e-04   1.2584680e+01   9.2009948e-07
   5.0100200e-04             NaN             NaN
   5.0100200e-04   1.1161662e+01   1.1696647e-06
   2.0040080e-04   1.1727291e+01   1.0595556e-06
   2.0040080e-04   8.5716817e+00   1.9832940e-06
   3.0060120e-04   1.1392750e+01   1.1226956e-06
   3.0060120e-04   8.7466756e+00   1.9047287e-06
   4.0080160e-04   1.1060055e+01   1.1912546e-06
   4.0080160e-04   8.9620307e+00   1.8142883e-06
   5.0100200e-04   1.0729379e+01   1.2658144e-06
   5.0100200e-04             NaN             NaN
